(kicad_pcb (version 20171130) (host pcbnew "(5.1.2-1)-1")

  (general
    (thickness 1.6)
    (drawings 11)
    (tracks 1222)
    (zones 0)
    (modules 70)
    (nets 73)
  )

  (page A4)
  (layers
    (0 F.Cu signal)
    (31 B.Cu signal)
    (32 B.Adhes user)
    (33 F.Adhes user)
    (34 B.Paste user)
    (35 F.Paste user)
    (36 B.SilkS user)
    (37 F.SilkS user)
    (38 B.Mask user)
    (39 F.Mask user)
    (40 Dwgs.User user)
    (41 Cmts.User user)
    (42 Eco1.User user)
    (43 Eco2.User user)
    (44 Edge.Cuts user)
    (45 Margin user)
    (46 B.CrtYd user)
    (47 F.CrtYd user)
    (48 B.Fab user)
    (49 F.Fab user)
  )

  (setup
    (last_trace_width 0.25)
    (trace_clearance 0.2)
    (zone_clearance 0.508)
    (zone_45_only no)
    (trace_min 0.2)
    (via_size 0.8)
    (via_drill 0.4)
    (via_min_size 0.4)
    (via_min_drill 0.3)
    (uvia_size 0.3)
    (uvia_drill 0.1)
    (uvias_allowed no)
    (uvia_min_size 0.2)
    (uvia_min_drill 0.1)
    (edge_width 0.1)
    (segment_width 0.2)
    (pcb_text_width 0.3)
    (pcb_text_size 1.5 1.5)
    (mod_edge_width 0.15)
    (mod_text_size 1 1)
    (mod_text_width 0.15)
    (pad_size 1.524 1.524)
    (pad_drill 0.762)
    (pad_to_mask_clearance 0)
    (aux_axis_origin 0 0)
    (visible_elements FFFFFF7F)
    (pcbplotparams
      (layerselection 0x010fc_ffffffff)
      (usegerberextensions false)
      (usegerberattributes false)
      (usegerberadvancedattributes false)
      (creategerberjobfile false)
      (excludeedgelayer true)
      (linewidth 0.100000)
      (plotframeref false)
      (viasonmask false)
      (mode 1)
      (useauxorigin false)
      (hpglpennumber 1)
      (hpglpenspeed 20)
      (hpglpendiameter 15.000000)
      (psnegative false)
      (psa4output false)
      (plotreference true)
      (plotvalue true)
      (plotinvisibletext false)
      (padsonsilk false)
      (subtractmaskfromsilk false)
      (outputformat 1)
      (mirror false)
      (drillshape 0)
      (scaleselection 1)
      (outputdirectory "gerbers/"))
  )

  (net 0 "")
  (net 1 "Net-(D1-Pad1)")
  (net 2 CF)
  (net 3 "Net-(D2-Pad1)")
  (net 4 "Net-(D3-Pad2)")
  (net 5 "Net-(D3-Pad1)")
  (net 6 "Net-(D4-Pad1)")
  (net 7 "Net-(D4-Pad2)")
  (net 8 "Net-(D5-Pad1)")
  (net 9 "Net-(D5-Pad2)")
  (net 10 "Net-(D6-Pad2)")
  (net 11 "Net-(D6-Pad1)")
  (net 12 "Net-(D7-Pad1)")
  (net 13 "Net-(D8-Pad2)")
  (net 14 "Net-(D8-Pad1)")
  (net 15 "Net-(D9-Pad1)")
  (net 16 "Net-(D9-Pad2)")
  (net 17 "Net-(D10-Pad2)")
  (net 18 "Net-(D10-Pad1)")
  (net 19 /BUS_7)
  (net 20 /BUS_6)
  (net 21 /BUS_5)
  (net 22 /BUS_4)
  (net 23 /BUS_3)
  (net 24 /BUS_2)
  (net 25 /BUS_1)
  (net 26 /BUS_0)
  (net 27 +5V)
  (net 28 GND)
  (net 29 CLK)
  (net 30 CLR)
  (net 31 ZF)
  (net 32 ~FI~)
  (net 33 /~EO~)
  (net 34 /SU)
  (net 35 /A_7)
  (net 36 /A_6)
  (net 37 /A_5)
  (net 38 /A_4)
  (net 39 /A_3)
  (net 40 /A_2)
  (net 41 /A_1)
  (net 42 /A_0)
  (net 43 /B_0)
  (net 44 /B_1)
  (net 45 /B_2)
  (net 46 /B_3)
  (net 47 /B_4)
  (net 48 /B_5)
  (net 49 /B_6)
  (net 50 /B_7)
  (net 51 "Net-(U1-Pad6)")
  (net 52 "Net-(U1-Pad5)")
  (net 53 "Net-(U1-Pad4)")
  (net 54 "Net-(U1-Pad10)")
  (net 55 "Net-(U1-Pad2)")
  (net 56 "Net-(U1-Pad8)")
  (net 57 "Net-(U1-Pad1)")
  (net 58 "Net-(U2-Pad11)")
  (net 59 "Net-(U2-Pad12)")
  (net 60 "Net-(U2-Pad5)")
  (net 61 "Net-(U2-Pad6)")
  (net 62 "Net-(U2-Pad14)")
  (net 63 "Net-(U5-Pad2)")
  (net 64 "Net-(U5-Pad11)")
  (net 65 "Net-(U5-Pad6)")
  (net 66 "Net-(U5-Pad7)")
  (net 67 "Net-(U5-Pad15)")
  (net 68 "Net-(U6-Pad15)")
  (net 69 "Net-(U6-Pad6)")
  (net 70 "Net-(U6-Pad11)")
  (net 71 "Net-(U6-Pad2)")
  (net 72 "Net-(D7-Pad2)")

  (net_class Default "This is the default net class."
    (clearance 0.2)
    (trace_width 0.25)
    (via_dia 0.8)
    (via_drill 0.4)
    (uvia_dia 0.3)
    (uvia_drill 0.1)
    (add_net +5V)
    (add_net /A_0)
    (add_net /A_1)
    (add_net /A_2)
    (add_net /A_3)
    (add_net /A_4)
    (add_net /A_5)
    (add_net /A_6)
    (add_net /A_7)
    (add_net /BUS_0)
    (add_net /BUS_1)
    (add_net /BUS_2)
    (add_net /BUS_3)
    (add_net /BUS_4)
    (add_net /BUS_5)
    (add_net /BUS_6)
    (add_net /BUS_7)
    (add_net /B_0)
    (add_net /B_1)
    (add_net /B_2)
    (add_net /B_3)
    (add_net /B_4)
    (add_net /B_5)
    (add_net /B_6)
    (add_net /B_7)
    (add_net /SU)
    (add_net /~EO~)
    (add_net CF)
    (add_net CLK)
    (add_net CLR)
    (add_net GND)
    (add_net "Net-(D1-Pad1)")
    (add_net "Net-(D10-Pad1)")
    (add_net "Net-(D10-Pad2)")
    (add_net "Net-(D2-Pad1)")
    (add_net "Net-(D3-Pad1)")
    (add_net "Net-(D3-Pad2)")
    (add_net "Net-(D4-Pad1)")
    (add_net "Net-(D4-Pad2)")
    (add_net "Net-(D5-Pad1)")
    (add_net "Net-(D5-Pad2)")
    (add_net "Net-(D6-Pad1)")
    (add_net "Net-(D6-Pad2)")
    (add_net "Net-(D7-Pad1)")
    (add_net "Net-(D7-Pad2)")
    (add_net "Net-(D8-Pad1)")
    (add_net "Net-(D8-Pad2)")
    (add_net "Net-(D9-Pad1)")
    (add_net "Net-(D9-Pad2)")
    (add_net "Net-(U1-Pad1)")
    (add_net "Net-(U1-Pad10)")
    (add_net "Net-(U1-Pad2)")
    (add_net "Net-(U1-Pad4)")
    (add_net "Net-(U1-Pad5)")
    (add_net "Net-(U1-Pad6)")
    (add_net "Net-(U1-Pad8)")
    (add_net "Net-(U2-Pad11)")
    (add_net "Net-(U2-Pad12)")
    (add_net "Net-(U2-Pad14)")
    (add_net "Net-(U2-Pad5)")
    (add_net "Net-(U2-Pad6)")
    (add_net "Net-(U5-Pad11)")
    (add_net "Net-(U5-Pad15)")
    (add_net "Net-(U5-Pad2)")
    (add_net "Net-(U5-Pad6)")
    (add_net "Net-(U5-Pad7)")
    (add_net "Net-(U6-Pad11)")
    (add_net "Net-(U6-Pad15)")
    (add_net "Net-(U6-Pad2)")
    (add_net "Net-(U6-Pad6)")
    (add_net ZF)
    (add_net ~FI~)
  )

  (module Digikey:Test-Point-Pin_Drill2.79mm (layer F.Cu) (tedit 5A9468D0) (tstamp 5D5CD913)
    (at 29.21 115.57)
    (fp_text reference REF** (at 0 -3.98) (layer F.SilkS) hide
      (effects (font (size 1 1) (thickness 0.15)))
    )
    (fp_text value Test-Point-Pin_Drill2.79mm (at 0 4.05) (layer F.Fab) hide
      (effects (font (size 1 1) (thickness 0.15)))
    )
    (fp_text user %R (at 0 -0.01) (layer F.Fab)
      (effects (font (size 0.5 0.5) (thickness 0.05)))
    )
    (fp_circle (center 0 0) (end 3.04 0) (layer F.CrtYd) (width 0.05))
    (fp_circle (center 0 0) (end 2.89 -0.01) (layer F.SilkS) (width 0.1))
    (fp_circle (center 0 0) (end 2.79 0) (layer F.Fab) (width 0.1))
    (pad 1 thru_hole circle (at 0 0) (size 3.79 3.79) (drill 2.79) (layers *.Cu *.Mask))
  )

  (module Digikey:Test-Point-Pin_Drill2.79mm (layer F.Cu) (tedit 5A9468D0) (tstamp 5D5CD913)
    (at 109.22 115.57)
    (fp_text reference REF** (at 0 -3.98) (layer F.SilkS) hide
      (effects (font (size 1 1) (thickness 0.15)))
    )
    (fp_text value Test-Point-Pin_Drill2.79mm (at 0 4.05) (layer F.Fab) hide
      (effects (font (size 1 1) (thickness 0.15)))
    )
    (fp_text user %R (at 0 -0.01) (layer F.Fab)
      (effects (font (size 0.5 0.5) (thickness 0.05)))
    )
    (fp_circle (center 0 0) (end 3.04 0) (layer F.CrtYd) (width 0.05))
    (fp_circle (center 0 0) (end 2.89 -0.01) (layer F.SilkS) (width 0.1))
    (fp_circle (center 0 0) (end 2.79 0) (layer F.Fab) (width 0.1))
    (pad 1 thru_hole circle (at 0 0) (size 3.79 3.79) (drill 2.79) (layers *.Cu *.Mask))
  )

  (module Digikey:Test-Point-Pin_Drill2.79mm (layer F.Cu) (tedit 5A9468D0) (tstamp 5D5CD913)
    (at 109.22 36.83)
    (fp_text reference REF** (at 0 -3.98) (layer F.SilkS) hide
      (effects (font (size 1 1) (thickness 0.15)))
    )
    (fp_text value Test-Point-Pin_Drill2.79mm (at 0 4.05) (layer F.Fab) hide
      (effects (font (size 1 1) (thickness 0.15)))
    )
    (fp_text user %R (at 0 -0.01) (layer F.Fab)
      (effects (font (size 0.5 0.5) (thickness 0.05)))
    )
    (fp_circle (center 0 0) (end 3.04 0) (layer F.CrtYd) (width 0.05))
    (fp_circle (center 0 0) (end 2.89 -0.01) (layer F.SilkS) (width 0.1))
    (fp_circle (center 0 0) (end 2.79 0) (layer F.Fab) (width 0.1))
    (pad 1 thru_hole circle (at 0 0) (size 3.79 3.79) (drill 2.79) (layers *.Cu *.Mask))
  )

  (module Digikey:Test-Point-Pin_Drill2.79mm (layer F.Cu) (tedit 5A9468D0) (tstamp 5D5CD789)
    (at 29.21 36.83)
    (fp_text reference REF** (at 0 -3.98) (layer F.SilkS) hide
      (effects (font (size 1 1) (thickness 0.15)))
    )
    (fp_text value Test-Point-Pin_Drill2.79mm (at 0 4.05) (layer F.Fab) hide
      (effects (font (size 1 1) (thickness 0.15)))
    )
    (fp_circle (center 0 0) (end 2.79 0) (layer F.Fab) (width 0.1))
    (fp_circle (center 0 0) (end 2.89 -0.01) (layer F.SilkS) (width 0.1))
    (fp_circle (center 0 0) (end 3.04 0) (layer F.CrtYd) (width 0.05))
    (fp_text user %R (at 0 -0.01) (layer F.Fab)
      (effects (font (size 0.5 0.5) (thickness 0.05)))
    )
    (pad 1 thru_hole circle (at 0 0) (size 3.79 3.79) (drill 2.79) (layers *.Cu *.Mask))
  )

  (module LED_THT:LED_D5.0mm (layer F.Cu) (tedit 5995936A) (tstamp 5D5BF14B)
    (at 99.06 46.99)
    (descr "LED, diameter 5.0mm, 2 pins, http://cdn-reichelt.de/documents/datenblatt/A500/LL-504BC2E-009.pdf")
    (tags "LED diameter 5.0mm 2 pins")
    (path /5EBCAC9F)
    (fp_text reference D10 (at 1.27 -3.96) (layer F.SilkS) hide
      (effects (font (size 1 1) (thickness 0.15)))
    )
    (fp_text value S7 (at 1.27 -4.064) (layer F.SilkS)
      (effects (font (size 1 1) (thickness 0.15)))
    )
    (fp_text user %R (at 1.25 0) (layer F.Fab)
      (effects (font (size 0.8 0.8) (thickness 0.2)))
    )
    (fp_line (start 4.5 -3.25) (end -1.95 -3.25) (layer F.CrtYd) (width 0.05))
    (fp_line (start 4.5 3.25) (end 4.5 -3.25) (layer F.CrtYd) (width 0.05))
    (fp_line (start -1.95 3.25) (end 4.5 3.25) (layer F.CrtYd) (width 0.05))
    (fp_line (start -1.95 -3.25) (end -1.95 3.25) (layer F.CrtYd) (width 0.05))
    (fp_line (start -1.29 -1.545) (end -1.29 1.545) (layer F.SilkS) (width 0.12))
    (fp_line (start -1.23 -1.469694) (end -1.23 1.469694) (layer F.Fab) (width 0.1))
    (fp_circle (center 1.27 0) (end 3.77 0) (layer F.SilkS) (width 0.12))
    (fp_circle (center 1.27 0) (end 3.77 0) (layer F.Fab) (width 0.1))
    (fp_arc (start 1.27 0) (end -1.29 1.54483) (angle -148.9) (layer F.SilkS) (width 0.12))
    (fp_arc (start 1.27 0) (end -1.29 -1.54483) (angle 148.9) (layer F.SilkS) (width 0.12))
    (fp_arc (start 1.27 0) (end -1.23 -1.469694) (angle 299.1) (layer F.Fab) (width 0.1))
    (pad 2 thru_hole circle (at 2.54 0) (size 1.8 1.8) (drill 0.9) (layers *.Cu *.Mask)
      (net 17 "Net-(D10-Pad2)"))
    (pad 1 thru_hole rect (at 0 0) (size 1.8 1.8) (drill 0.9) (layers *.Cu *.Mask)
      (net 18 "Net-(D10-Pad1)"))
    (model ${KISYS3DMOD}/LED_THT.3dshapes/LED_D5.0mm.wrl
      (at (xyz 0 0 0))
      (scale (xyz 1 1 1))
      (rotate (xyz 0 0 0))
    )
  )

  (module LED_THT:LED_D5.0mm (layer F.Cu) (tedit 5995936A) (tstamp 5D5BF0A8)
    (at 28.956 55.88 90)
    (descr "LED, diameter 5.0mm, 2 pins, http://cdn-reichelt.de/documents/datenblatt/A500/LL-504BC2E-009.pdf")
    (tags "LED diameter 5.0mm 2 pins")
    (path /5F0A159F)
    (fp_text reference D1 (at 1.27 -3.96 90) (layer F.SilkS) hide
      (effects (font (size 1 1) (thickness 0.15)))
    )
    (fp_text value CF (at 1.27 -3.81 90) (layer F.SilkS)
      (effects (font (size 1 1) (thickness 0.15)))
    )
    (fp_arc (start 1.27 0) (end -1.23 -1.469694) (angle 299.1) (layer F.Fab) (width 0.1))
    (fp_arc (start 1.27 0) (end -1.29 -1.54483) (angle 148.9) (layer F.SilkS) (width 0.12))
    (fp_arc (start 1.27 0) (end -1.29 1.54483) (angle -148.9) (layer F.SilkS) (width 0.12))
    (fp_circle (center 1.27 0) (end 3.77 0) (layer F.Fab) (width 0.1))
    (fp_circle (center 1.27 0) (end 3.77 0) (layer F.SilkS) (width 0.12))
    (fp_line (start -1.23 -1.469694) (end -1.23 1.469694) (layer F.Fab) (width 0.1))
    (fp_line (start -1.29 -1.545) (end -1.29 1.545) (layer F.SilkS) (width 0.12))
    (fp_line (start -1.95 -3.25) (end -1.95 3.25) (layer F.CrtYd) (width 0.05))
    (fp_line (start -1.95 3.25) (end 4.5 3.25) (layer F.CrtYd) (width 0.05))
    (fp_line (start 4.5 3.25) (end 4.5 -3.25) (layer F.CrtYd) (width 0.05))
    (fp_line (start 4.5 -3.25) (end -1.95 -3.25) (layer F.CrtYd) (width 0.05))
    (fp_text user %R (at 1.25 0 90) (layer F.Fab)
      (effects (font (size 0.8 0.8) (thickness 0.2)))
    )
    (pad 1 thru_hole rect (at 0 0 90) (size 1.8 1.8) (drill 0.9) (layers *.Cu *.Mask)
      (net 1 "Net-(D1-Pad1)"))
    (pad 2 thru_hole circle (at 2.54 0 90) (size 1.8 1.8) (drill 0.9) (layers *.Cu *.Mask)
      (net 2 CF))
    (model ${KISYS3DMOD}/LED_THT.3dshapes/LED_D5.0mm.wrl
      (at (xyz 0 0 0))
      (scale (xyz 1 1 1))
      (rotate (xyz 0 0 0))
    )
  )

  (module LED_THT:LED_D5.0mm (layer F.Cu) (tedit 5995936A) (tstamp 5D5BF0BA)
    (at 28.956 48.26 90)
    (descr "LED, diameter 5.0mm, 2 pins, http://cdn-reichelt.de/documents/datenblatt/A500/LL-504BC2E-009.pdf")
    (tags "LED diameter 5.0mm 2 pins")
    (path /5F0E77E8)
    (fp_text reference D2 (at 1.27 -3.96 90) (layer F.SilkS) hide
      (effects (font (size 1 1) (thickness 0.15)))
    )
    (fp_text value ZF (at 1.27 -3.81 90) (layer F.SilkS)
      (effects (font (size 1 1) (thickness 0.15)))
    )
    (fp_text user %R (at 1.25 0 90) (layer F.Fab)
      (effects (font (size 0.8 0.8) (thickness 0.2)))
    )
    (fp_line (start 4.5 -3.25) (end -1.95 -3.25) (layer F.CrtYd) (width 0.05))
    (fp_line (start 4.5 3.25) (end 4.5 -3.25) (layer F.CrtYd) (width 0.05))
    (fp_line (start -1.95 3.25) (end 4.5 3.25) (layer F.CrtYd) (width 0.05))
    (fp_line (start -1.95 -3.25) (end -1.95 3.25) (layer F.CrtYd) (width 0.05))
    (fp_line (start -1.29 -1.545) (end -1.29 1.545) (layer F.SilkS) (width 0.12))
    (fp_line (start -1.23 -1.469694) (end -1.23 1.469694) (layer F.Fab) (width 0.1))
    (fp_circle (center 1.27 0) (end 3.77 0) (layer F.SilkS) (width 0.12))
    (fp_circle (center 1.27 0) (end 3.77 0) (layer F.Fab) (width 0.1))
    (fp_arc (start 1.27 0) (end -1.29 1.54483) (angle -148.9) (layer F.SilkS) (width 0.12))
    (fp_arc (start 1.27 0) (end -1.29 -1.54483) (angle 148.9) (layer F.SilkS) (width 0.12))
    (fp_arc (start 1.27 0) (end -1.23 -1.469694) (angle 299.1) (layer F.Fab) (width 0.1))
    (pad 2 thru_hole circle (at 2.54 0 90) (size 1.8 1.8) (drill 0.9) (layers *.Cu *.Mask)
      (net 31 ZF))
    (pad 1 thru_hole rect (at 0 0 90) (size 1.8 1.8) (drill 0.9) (layers *.Cu *.Mask)
      (net 3 "Net-(D2-Pad1)"))
    (model ${KISYS3DMOD}/LED_THT.3dshapes/LED_D5.0mm.wrl
      (at (xyz 0 0 0))
      (scale (xyz 1 1 1))
      (rotate (xyz 0 0 0))
    )
  )

  (module LED_THT:LED_D5.0mm (layer F.Cu) (tedit 5995936A) (tstamp 5D5BF0CC)
    (at 45.72 46.99)
    (descr "LED, diameter 5.0mm, 2 pins, http://cdn-reichelt.de/documents/datenblatt/A500/LL-504BC2E-009.pdf")
    (tags "LED diameter 5.0mm 2 pins")
    (path /5EB9455D)
    (fp_text reference D3 (at 1.27 -3.96) (layer F.SilkS) hide
      (effects (font (size 1 1) (thickness 0.15)))
    )
    (fp_text value S0 (at 1.27 -4.064) (layer F.SilkS)
      (effects (font (size 1 1) (thickness 0.15)))
    )
    (fp_text user %R (at 1.25 0) (layer F.Fab)
      (effects (font (size 0.8 0.8) (thickness 0.2)))
    )
    (fp_line (start 4.5 -3.25) (end -1.95 -3.25) (layer F.CrtYd) (width 0.05))
    (fp_line (start 4.5 3.25) (end 4.5 -3.25) (layer F.CrtYd) (width 0.05))
    (fp_line (start -1.95 3.25) (end 4.5 3.25) (layer F.CrtYd) (width 0.05))
    (fp_line (start -1.95 -3.25) (end -1.95 3.25) (layer F.CrtYd) (width 0.05))
    (fp_line (start -1.29 -1.545) (end -1.29 1.545) (layer F.SilkS) (width 0.12))
    (fp_line (start -1.23 -1.469694) (end -1.23 1.469694) (layer F.Fab) (width 0.1))
    (fp_circle (center 1.27 0) (end 3.77 0) (layer F.SilkS) (width 0.12))
    (fp_circle (center 1.27 0) (end 3.77 0) (layer F.Fab) (width 0.1))
    (fp_arc (start 1.27 0) (end -1.29 1.54483) (angle -148.9) (layer F.SilkS) (width 0.12))
    (fp_arc (start 1.27 0) (end -1.29 -1.54483) (angle 148.9) (layer F.SilkS) (width 0.12))
    (fp_arc (start 1.27 0) (end -1.23 -1.469694) (angle 299.1) (layer F.Fab) (width 0.1))
    (pad 2 thru_hole circle (at 2.54 0) (size 1.8 1.8) (drill 0.9) (layers *.Cu *.Mask)
      (net 4 "Net-(D3-Pad2)"))
    (pad 1 thru_hole rect (at 0 0) (size 1.8 1.8) (drill 0.9) (layers *.Cu *.Mask)
      (net 5 "Net-(D3-Pad1)"))
    (model ${KISYS3DMOD}/LED_THT.3dshapes/LED_D5.0mm.wrl
      (at (xyz 0 0 0))
      (scale (xyz 1 1 1))
      (rotate (xyz 0 0 0))
    )
  )

  (module LED_THT:LED_D5.0mm (layer F.Cu) (tedit 5995936A) (tstamp 5D5BF0DE)
    (at 53.34 46.99)
    (descr "LED, diameter 5.0mm, 2 pins, http://cdn-reichelt.de/documents/datenblatt/A500/LL-504BC2E-009.pdf")
    (tags "LED diameter 5.0mm 2 pins")
    (path /5EB746D5)
    (fp_text reference D4 (at 1.27 -3.96) (layer F.SilkS) hide
      (effects (font (size 1 1) (thickness 0.15)))
    )
    (fp_text value S1 (at 1.27 -4.064) (layer F.SilkS)
      (effects (font (size 1 1) (thickness 0.15)))
    )
    (fp_arc (start 1.27 0) (end -1.23 -1.469694) (angle 299.1) (layer F.Fab) (width 0.1))
    (fp_arc (start 1.27 0) (end -1.29 -1.54483) (angle 148.9) (layer F.SilkS) (width 0.12))
    (fp_arc (start 1.27 0) (end -1.29 1.54483) (angle -148.9) (layer F.SilkS) (width 0.12))
    (fp_circle (center 1.27 0) (end 3.77 0) (layer F.Fab) (width 0.1))
    (fp_circle (center 1.27 0) (end 3.77 0) (layer F.SilkS) (width 0.12))
    (fp_line (start -1.23 -1.469694) (end -1.23 1.469694) (layer F.Fab) (width 0.1))
    (fp_line (start -1.29 -1.545) (end -1.29 1.545) (layer F.SilkS) (width 0.12))
    (fp_line (start -1.95 -3.25) (end -1.95 3.25) (layer F.CrtYd) (width 0.05))
    (fp_line (start -1.95 3.25) (end 4.5 3.25) (layer F.CrtYd) (width 0.05))
    (fp_line (start 4.5 3.25) (end 4.5 -3.25) (layer F.CrtYd) (width 0.05))
    (fp_line (start 4.5 -3.25) (end -1.95 -3.25) (layer F.CrtYd) (width 0.05))
    (fp_text user %R (at 1.25 0) (layer F.Fab)
      (effects (font (size 0.8 0.8) (thickness 0.2)))
    )
    (pad 1 thru_hole rect (at 0 0) (size 1.8 1.8) (drill 0.9) (layers *.Cu *.Mask)
      (net 6 "Net-(D4-Pad1)"))
    (pad 2 thru_hole circle (at 2.54 0) (size 1.8 1.8) (drill 0.9) (layers *.Cu *.Mask)
      (net 7 "Net-(D4-Pad2)"))
    (model ${KISYS3DMOD}/LED_THT.3dshapes/LED_D5.0mm.wrl
      (at (xyz 0 0 0))
      (scale (xyz 1 1 1))
      (rotate (xyz 0 0 0))
    )
  )

  (module LED_THT:LED_D5.0mm (layer F.Cu) (tedit 5995936A) (tstamp 5D5BF0F0)
    (at 60.96 46.99)
    (descr "LED, diameter 5.0mm, 2 pins, http://cdn-reichelt.de/documents/datenblatt/A500/LL-504BC2E-009.pdf")
    (tags "LED diameter 5.0mm 2 pins")
    (path /5EB76765)
    (fp_text reference D5 (at 1.27 -3.96) (layer F.SilkS) hide
      (effects (font (size 1 1) (thickness 0.15)))
    )
    (fp_text value S2 (at 1.27 -4.064) (layer F.SilkS)
      (effects (font (size 1 1) (thickness 0.15)))
    )
    (fp_arc (start 1.27 0) (end -1.23 -1.469694) (angle 299.1) (layer F.Fab) (width 0.1))
    (fp_arc (start 1.27 0) (end -1.29 -1.54483) (angle 148.9) (layer F.SilkS) (width 0.12))
    (fp_arc (start 1.27 0) (end -1.29 1.54483) (angle -148.9) (layer F.SilkS) (width 0.12))
    (fp_circle (center 1.27 0) (end 3.77 0) (layer F.Fab) (width 0.1))
    (fp_circle (center 1.27 0) (end 3.77 0) (layer F.SilkS) (width 0.12))
    (fp_line (start -1.23 -1.469694) (end -1.23 1.469694) (layer F.Fab) (width 0.1))
    (fp_line (start -1.29 -1.545) (end -1.29 1.545) (layer F.SilkS) (width 0.12))
    (fp_line (start -1.95 -3.25) (end -1.95 3.25) (layer F.CrtYd) (width 0.05))
    (fp_line (start -1.95 3.25) (end 4.5 3.25) (layer F.CrtYd) (width 0.05))
    (fp_line (start 4.5 3.25) (end 4.5 -3.25) (layer F.CrtYd) (width 0.05))
    (fp_line (start 4.5 -3.25) (end -1.95 -3.25) (layer F.CrtYd) (width 0.05))
    (fp_text user %R (at 1.25 0) (layer F.Fab)
      (effects (font (size 0.8 0.8) (thickness 0.2)))
    )
    (pad 1 thru_hole rect (at 0 0) (size 1.8 1.8) (drill 0.9) (layers *.Cu *.Mask)
      (net 8 "Net-(D5-Pad1)"))
    (pad 2 thru_hole circle (at 2.54 0) (size 1.8 1.8) (drill 0.9) (layers *.Cu *.Mask)
      (net 9 "Net-(D5-Pad2)"))
    (model ${KISYS3DMOD}/LED_THT.3dshapes/LED_D5.0mm.wrl
      (at (xyz 0 0 0))
      (scale (xyz 1 1 1))
      (rotate (xyz 0 0 0))
    )
  )

  (module LED_THT:LED_D5.0mm (layer F.Cu) (tedit 5995936A) (tstamp 5D5BF102)
    (at 68.58 46.99)
    (descr "LED, diameter 5.0mm, 2 pins, http://cdn-reichelt.de/documents/datenblatt/A500/LL-504BC2E-009.pdf")
    (tags "LED diameter 5.0mm 2 pins")
    (path /5EB7DDDB)
    (fp_text reference D6 (at 1.27 -3.96) (layer F.SilkS) hide
      (effects (font (size 1 1) (thickness 0.15)))
    )
    (fp_text value S3 (at 1.27 -4.064) (layer F.SilkS)
      (effects (font (size 1 1) (thickness 0.15)))
    )
    (fp_text user %R (at 1.25 0) (layer F.Fab)
      (effects (font (size 0.8 0.8) (thickness 0.2)))
    )
    (fp_line (start 4.5 -3.25) (end -1.95 -3.25) (layer F.CrtYd) (width 0.05))
    (fp_line (start 4.5 3.25) (end 4.5 -3.25) (layer F.CrtYd) (width 0.05))
    (fp_line (start -1.95 3.25) (end 4.5 3.25) (layer F.CrtYd) (width 0.05))
    (fp_line (start -1.95 -3.25) (end -1.95 3.25) (layer F.CrtYd) (width 0.05))
    (fp_line (start -1.29 -1.545) (end -1.29 1.545) (layer F.SilkS) (width 0.12))
    (fp_line (start -1.23 -1.469694) (end -1.23 1.469694) (layer F.Fab) (width 0.1))
    (fp_circle (center 1.27 0) (end 3.77 0) (layer F.SilkS) (width 0.12))
    (fp_circle (center 1.27 0) (end 3.77 0) (layer F.Fab) (width 0.1))
    (fp_arc (start 1.27 0) (end -1.29 1.54483) (angle -148.9) (layer F.SilkS) (width 0.12))
    (fp_arc (start 1.27 0) (end -1.29 -1.54483) (angle 148.9) (layer F.SilkS) (width 0.12))
    (fp_arc (start 1.27 0) (end -1.23 -1.469694) (angle 299.1) (layer F.Fab) (width 0.1))
    (pad 2 thru_hole circle (at 2.54 0) (size 1.8 1.8) (drill 0.9) (layers *.Cu *.Mask)
      (net 10 "Net-(D6-Pad2)"))
    (pad 1 thru_hole rect (at 0 0) (size 1.8 1.8) (drill 0.9) (layers *.Cu *.Mask)
      (net 11 "Net-(D6-Pad1)"))
    (model ${KISYS3DMOD}/LED_THT.3dshapes/LED_D5.0mm.wrl
      (at (xyz 0 0 0))
      (scale (xyz 1 1 1))
      (rotate (xyz 0 0 0))
    )
  )

  (module LED_THT:LED_D5.0mm (layer F.Cu) (tedit 5995936A) (tstamp 5D5BF114)
    (at 76.2 46.99)
    (descr "LED, diameter 5.0mm, 2 pins, http://cdn-reichelt.de/documents/datenblatt/A500/LL-504BC2E-009.pdf")
    (tags "LED diameter 5.0mm 2 pins")
    (path /5EB856F1)
    (fp_text reference D7 (at 1.27 -3.96) (layer F.SilkS) hide
      (effects (font (size 1 1) (thickness 0.15)))
    )
    (fp_text value S4 (at 1.27 -4.064) (layer F.SilkS)
      (effects (font (size 1 1) (thickness 0.15)))
    )
    (fp_arc (start 1.27 0) (end -1.23 -1.469694) (angle 299.1) (layer F.Fab) (width 0.1))
    (fp_arc (start 1.27 0) (end -1.29 -1.54483) (angle 148.9) (layer F.SilkS) (width 0.12))
    (fp_arc (start 1.27 0) (end -1.29 1.54483) (angle -148.9) (layer F.SilkS) (width 0.12))
    (fp_circle (center 1.27 0) (end 3.77 0) (layer F.Fab) (width 0.1))
    (fp_circle (center 1.27 0) (end 3.77 0) (layer F.SilkS) (width 0.12))
    (fp_line (start -1.23 -1.469694) (end -1.23 1.469694) (layer F.Fab) (width 0.1))
    (fp_line (start -1.29 -1.545) (end -1.29 1.545) (layer F.SilkS) (width 0.12))
    (fp_line (start -1.95 -3.25) (end -1.95 3.25) (layer F.CrtYd) (width 0.05))
    (fp_line (start -1.95 3.25) (end 4.5 3.25) (layer F.CrtYd) (width 0.05))
    (fp_line (start 4.5 3.25) (end 4.5 -3.25) (layer F.CrtYd) (width 0.05))
    (fp_line (start 4.5 -3.25) (end -1.95 -3.25) (layer F.CrtYd) (width 0.05))
    (fp_text user %R (at 1.25 0) (layer F.Fab)
      (effects (font (size 0.8 0.8) (thickness 0.2)))
    )
    (pad 1 thru_hole rect (at 0 0) (size 1.8 1.8) (drill 0.9) (layers *.Cu *.Mask)
      (net 12 "Net-(D7-Pad1)"))
    (pad 2 thru_hole circle (at 2.54 0) (size 1.8 1.8) (drill 0.9) (layers *.Cu *.Mask)
      (net 72 "Net-(D7-Pad2)"))
    (model ${KISYS3DMOD}/LED_THT.3dshapes/LED_D5.0mm.wrl
      (at (xyz 0 0 0))
      (scale (xyz 1 1 1))
      (rotate (xyz 0 0 0))
    )
  )

  (module LED_THT:LED_D5.0mm (layer F.Cu) (tedit 5995936A) (tstamp 5D5BF126)
    (at 83.82 46.99)
    (descr "LED, diameter 5.0mm, 2 pins, http://cdn-reichelt.de/documents/datenblatt/A500/LL-504BC2E-009.pdf")
    (tags "LED diameter 5.0mm 2 pins")
    (path /5EB8CEE7)
    (fp_text reference D8 (at 1.27 -3.96) (layer F.SilkS) hide
      (effects (font (size 1 1) (thickness 0.15)))
    )
    (fp_text value S5 (at 1.27 -4.064) (layer F.SilkS)
      (effects (font (size 1 1) (thickness 0.15)))
    )
    (fp_text user %R (at 1.25 0) (layer F.Fab)
      (effects (font (size 0.8 0.8) (thickness 0.2)))
    )
    (fp_line (start 4.5 -3.25) (end -1.95 -3.25) (layer F.CrtYd) (width 0.05))
    (fp_line (start 4.5 3.25) (end 4.5 -3.25) (layer F.CrtYd) (width 0.05))
    (fp_line (start -1.95 3.25) (end 4.5 3.25) (layer F.CrtYd) (width 0.05))
    (fp_line (start -1.95 -3.25) (end -1.95 3.25) (layer F.CrtYd) (width 0.05))
    (fp_line (start -1.29 -1.545) (end -1.29 1.545) (layer F.SilkS) (width 0.12))
    (fp_line (start -1.23 -1.469694) (end -1.23 1.469694) (layer F.Fab) (width 0.1))
    (fp_circle (center 1.27 0) (end 3.77 0) (layer F.SilkS) (width 0.12))
    (fp_circle (center 1.27 0) (end 3.77 0) (layer F.Fab) (width 0.1))
    (fp_arc (start 1.27 0) (end -1.29 1.54483) (angle -148.9) (layer F.SilkS) (width 0.12))
    (fp_arc (start 1.27 0) (end -1.29 -1.54483) (angle 148.9) (layer F.SilkS) (width 0.12))
    (fp_arc (start 1.27 0) (end -1.23 -1.469694) (angle 299.1) (layer F.Fab) (width 0.1))
    (pad 2 thru_hole circle (at 2.54 0) (size 1.8 1.8) (drill 0.9) (layers *.Cu *.Mask)
      (net 13 "Net-(D8-Pad2)"))
    (pad 1 thru_hole rect (at 0 0) (size 1.8 1.8) (drill 0.9) (layers *.Cu *.Mask)
      (net 14 "Net-(D8-Pad1)"))
    (model ${KISYS3DMOD}/LED_THT.3dshapes/LED_D5.0mm.wrl
      (at (xyz 0 0 0))
      (scale (xyz 1 1 1))
      (rotate (xyz 0 0 0))
    )
  )

  (module LED_THT:LED_D5.0mm (layer F.Cu) (tedit 5995936A) (tstamp 5D5BF138)
    (at 91.44 46.99)
    (descr "LED, diameter 5.0mm, 2 pins, http://cdn-reichelt.de/documents/datenblatt/A500/LL-504BC2E-009.pdf")
    (tags "LED diameter 5.0mm 2 pins")
    (path /5EBCAC93)
    (fp_text reference D9 (at 1.27 -3.96) (layer F.SilkS) hide
      (effects (font (size 1 1) (thickness 0.15)))
    )
    (fp_text value S6 (at 1.27 -4.064) (layer F.SilkS)
      (effects (font (size 1 1) (thickness 0.15)))
    )
    (fp_arc (start 1.27 0) (end -1.23 -1.469694) (angle 299.1) (layer F.Fab) (width 0.1))
    (fp_arc (start 1.27 0) (end -1.29 -1.54483) (angle 148.9) (layer F.SilkS) (width 0.12))
    (fp_arc (start 1.27 0) (end -1.29 1.54483) (angle -148.9) (layer F.SilkS) (width 0.12))
    (fp_circle (center 1.27 0) (end 3.77 0) (layer F.Fab) (width 0.1))
    (fp_circle (center 1.27 0) (end 3.77 0) (layer F.SilkS) (width 0.12))
    (fp_line (start -1.23 -1.469694) (end -1.23 1.469694) (layer F.Fab) (width 0.1))
    (fp_line (start -1.29 -1.545) (end -1.29 1.545) (layer F.SilkS) (width 0.12))
    (fp_line (start -1.95 -3.25) (end -1.95 3.25) (layer F.CrtYd) (width 0.05))
    (fp_line (start -1.95 3.25) (end 4.5 3.25) (layer F.CrtYd) (width 0.05))
    (fp_line (start 4.5 3.25) (end 4.5 -3.25) (layer F.CrtYd) (width 0.05))
    (fp_line (start 4.5 -3.25) (end -1.95 -3.25) (layer F.CrtYd) (width 0.05))
    (fp_text user %R (at 1.25 0) (layer F.Fab)
      (effects (font (size 0.8 0.8) (thickness 0.2)))
    )
    (pad 1 thru_hole rect (at 0 0) (size 1.8 1.8) (drill 0.9) (layers *.Cu *.Mask)
      (net 15 "Net-(D9-Pad1)"))
    (pad 2 thru_hole circle (at 2.54 0) (size 1.8 1.8) (drill 0.9) (layers *.Cu *.Mask)
      (net 16 "Net-(D9-Pad2)"))
    (model ${KISYS3DMOD}/LED_THT.3dshapes/LED_D5.0mm.wrl
      (at (xyz 0 0 0))
      (scale (xyz 1 1 1))
      (rotate (xyz 0 0 0))
    )
  )

  (module Connector_JST:JST_PH_S8B-PH-K_1x08_P2.00mm_Horizontal (layer F.Cu) (tedit 5B7745C6) (tstamp 5D5BF180)
    (at 30.48 93.98 270)
    (descr "JST PH series connector, S8B-PH-K (http://www.jst-mfg.com/product/pdf/eng/ePH.pdf), generated with kicad-footprint-generator")
    (tags "connector JST PH top entry")
    (path /5D6D10A4)
    (fp_text reference J1 (at 7 -2.55 90) (layer F.SilkS) hide
      (effects (font (size 1 1) (thickness 0.15)))
    )
    (fp_text value Bus (at 7 -2.54 90) (layer F.SilkS)
      (effects (font (size 1 1) (thickness 0.15)))
    )
    (fp_line (start -0.86 0.14) (end -1.14 0.14) (layer F.SilkS) (width 0.12))
    (fp_line (start -1.14 0.14) (end -1.14 -1.46) (layer F.SilkS) (width 0.12))
    (fp_line (start -1.14 -1.46) (end -2.06 -1.46) (layer F.SilkS) (width 0.12))
    (fp_line (start -2.06 -1.46) (end -2.06 6.36) (layer F.SilkS) (width 0.12))
    (fp_line (start -2.06 6.36) (end 16.06 6.36) (layer F.SilkS) (width 0.12))
    (fp_line (start 16.06 6.36) (end 16.06 -1.46) (layer F.SilkS) (width 0.12))
    (fp_line (start 16.06 -1.46) (end 15.14 -1.46) (layer F.SilkS) (width 0.12))
    (fp_line (start 15.14 -1.46) (end 15.14 0.14) (layer F.SilkS) (width 0.12))
    (fp_line (start 15.14 0.14) (end 14.86 0.14) (layer F.SilkS) (width 0.12))
    (fp_line (start 0.5 6.36) (end 0.5 2) (layer F.SilkS) (width 0.12))
    (fp_line (start 0.5 2) (end 13.5 2) (layer F.SilkS) (width 0.12))
    (fp_line (start 13.5 2) (end 13.5 6.36) (layer F.SilkS) (width 0.12))
    (fp_line (start -2.06 0.14) (end -1.14 0.14) (layer F.SilkS) (width 0.12))
    (fp_line (start 16.06 0.14) (end 15.14 0.14) (layer F.SilkS) (width 0.12))
    (fp_line (start -1.3 2.5) (end -1.3 4.1) (layer F.SilkS) (width 0.12))
    (fp_line (start -1.3 4.1) (end -0.3 4.1) (layer F.SilkS) (width 0.12))
    (fp_line (start -0.3 4.1) (end -0.3 2.5) (layer F.SilkS) (width 0.12))
    (fp_line (start -0.3 2.5) (end -1.3 2.5) (layer F.SilkS) (width 0.12))
    (fp_line (start 15.3 2.5) (end 15.3 4.1) (layer F.SilkS) (width 0.12))
    (fp_line (start 15.3 4.1) (end 14.3 4.1) (layer F.SilkS) (width 0.12))
    (fp_line (start 14.3 4.1) (end 14.3 2.5) (layer F.SilkS) (width 0.12))
    (fp_line (start 14.3 2.5) (end 15.3 2.5) (layer F.SilkS) (width 0.12))
    (fp_line (start -0.3 4.1) (end -0.3 6.36) (layer F.SilkS) (width 0.12))
    (fp_line (start -0.8 4.1) (end -0.8 6.36) (layer F.SilkS) (width 0.12))
    (fp_line (start -2.45 -1.85) (end -2.45 6.75) (layer F.CrtYd) (width 0.05))
    (fp_line (start -2.45 6.75) (end 16.45 6.75) (layer F.CrtYd) (width 0.05))
    (fp_line (start 16.45 6.75) (end 16.45 -1.85) (layer F.CrtYd) (width 0.05))
    (fp_line (start 16.45 -1.85) (end -2.45 -1.85) (layer F.CrtYd) (width 0.05))
    (fp_line (start -1.25 0.25) (end -1.25 -1.35) (layer F.Fab) (width 0.1))
    (fp_line (start -1.25 -1.35) (end -1.95 -1.35) (layer F.Fab) (width 0.1))
    (fp_line (start -1.95 -1.35) (end -1.95 6.25) (layer F.Fab) (width 0.1))
    (fp_line (start -1.95 6.25) (end 15.95 6.25) (layer F.Fab) (width 0.1))
    (fp_line (start 15.95 6.25) (end 15.95 -1.35) (layer F.Fab) (width 0.1))
    (fp_line (start 15.95 -1.35) (end 15.25 -1.35) (layer F.Fab) (width 0.1))
    (fp_line (start 15.25 -1.35) (end 15.25 0.25) (layer F.Fab) (width 0.1))
    (fp_line (start 15.25 0.25) (end -1.25 0.25) (layer F.Fab) (width 0.1))
    (fp_line (start -0.86 0.14) (end -0.86 -1.075) (layer F.SilkS) (width 0.12))
    (fp_line (start 0 0.875) (end -0.5 1.375) (layer F.Fab) (width 0.1))
    (fp_line (start -0.5 1.375) (end 0.5 1.375) (layer F.Fab) (width 0.1))
    (fp_line (start 0.5 1.375) (end 0 0.875) (layer F.Fab) (width 0.1))
    (fp_text user %R (at 7 2.5 90) (layer F.Fab)
      (effects (font (size 1 1) (thickness 0.15)))
    )
    (pad 1 thru_hole roundrect (at 0 0 270) (size 1.2 1.75) (drill 0.75) (layers *.Cu *.Mask) (roundrect_rratio 0.208333)
      (net 19 /BUS_7))
    (pad 2 thru_hole oval (at 2 0 270) (size 1.2 1.75) (drill 0.75) (layers *.Cu *.Mask)
      (net 20 /BUS_6))
    (pad 3 thru_hole oval (at 4 0 270) (size 1.2 1.75) (drill 0.75) (layers *.Cu *.Mask)
      (net 21 /BUS_5))
    (pad 4 thru_hole oval (at 6 0 270) (size 1.2 1.75) (drill 0.75) (layers *.Cu *.Mask)
      (net 22 /BUS_4))
    (pad 5 thru_hole oval (at 8 0 270) (size 1.2 1.75) (drill 0.75) (layers *.Cu *.Mask)
      (net 23 /BUS_3))
    (pad 6 thru_hole oval (at 10 0 270) (size 1.2 1.75) (drill 0.75) (layers *.Cu *.Mask)
      (net 24 /BUS_2))
    (pad 7 thru_hole oval (at 12 0 270) (size 1.2 1.75) (drill 0.75) (layers *.Cu *.Mask)
      (net 25 /BUS_1))
    (pad 8 thru_hole oval (at 14 0 270) (size 1.2 1.75) (drill 0.75) (layers *.Cu *.Mask)
      (net 26 /BUS_0))
    (model ${KISYS3DMOD}/Connector_JST.3dshapes/JST_PH_S8B-PH-K_1x08_P2.00mm_Horizontal.wrl
      (at (xyz 0 0 0))
      (scale (xyz 1 1 1))
      (rotate (xyz 0 0 0))
    )
  )

  (module Connector_JST:JST_PH_S2B-PH-K_1x02_P2.00mm_Horizontal (layer F.Cu) (tedit 5B7745C6) (tstamp 5D5BF1AF)
    (at 101.092 38.1 180)
    (descr "JST PH series connector, S2B-PH-K (http://www.jst-mfg.com/product/pdf/eng/ePH.pdf), generated with kicad-footprint-generator")
    (tags "connector JST PH top entry")
    (path /5D87CA1B)
    (fp_text reference J2 (at 1 -2.55) (layer F.SilkS) hide
      (effects (font (size 1 1) (thickness 0.15)))
    )
    (fp_text value Power (at 1.016 -2.54) (layer F.SilkS)
      (effects (font (size 1 1) (thickness 0.15)))
    )
    (fp_line (start -0.86 0.14) (end -1.14 0.14) (layer F.SilkS) (width 0.12))
    (fp_line (start -1.14 0.14) (end -1.14 -1.46) (layer F.SilkS) (width 0.12))
    (fp_line (start -1.14 -1.46) (end -2.06 -1.46) (layer F.SilkS) (width 0.12))
    (fp_line (start -2.06 -1.46) (end -2.06 6.36) (layer F.SilkS) (width 0.12))
    (fp_line (start -2.06 6.36) (end 4.06 6.36) (layer F.SilkS) (width 0.12))
    (fp_line (start 4.06 6.36) (end 4.06 -1.46) (layer F.SilkS) (width 0.12))
    (fp_line (start 4.06 -1.46) (end 3.14 -1.46) (layer F.SilkS) (width 0.12))
    (fp_line (start 3.14 -1.46) (end 3.14 0.14) (layer F.SilkS) (width 0.12))
    (fp_line (start 3.14 0.14) (end 2.86 0.14) (layer F.SilkS) (width 0.12))
    (fp_line (start 0.5 6.36) (end 0.5 2) (layer F.SilkS) (width 0.12))
    (fp_line (start 0.5 2) (end 1.5 2) (layer F.SilkS) (width 0.12))
    (fp_line (start 1.5 2) (end 1.5 6.36) (layer F.SilkS) (width 0.12))
    (fp_line (start -2.06 0.14) (end -1.14 0.14) (layer F.SilkS) (width 0.12))
    (fp_line (start 4.06 0.14) (end 3.14 0.14) (layer F.SilkS) (width 0.12))
    (fp_line (start -1.3 2.5) (end -1.3 4.1) (layer F.SilkS) (width 0.12))
    (fp_line (start -1.3 4.1) (end -0.3 4.1) (layer F.SilkS) (width 0.12))
    (fp_line (start -0.3 4.1) (end -0.3 2.5) (layer F.SilkS) (width 0.12))
    (fp_line (start -0.3 2.5) (end -1.3 2.5) (layer F.SilkS) (width 0.12))
    (fp_line (start 3.3 2.5) (end 3.3 4.1) (layer F.SilkS) (width 0.12))
    (fp_line (start 3.3 4.1) (end 2.3 4.1) (layer F.SilkS) (width 0.12))
    (fp_line (start 2.3 4.1) (end 2.3 2.5) (layer F.SilkS) (width 0.12))
    (fp_line (start 2.3 2.5) (end 3.3 2.5) (layer F.SilkS) (width 0.12))
    (fp_line (start -0.3 4.1) (end -0.3 6.36) (layer F.SilkS) (width 0.12))
    (fp_line (start -0.8 4.1) (end -0.8 6.36) (layer F.SilkS) (width 0.12))
    (fp_line (start -2.45 -1.85) (end -2.45 6.75) (layer F.CrtYd) (width 0.05))
    (fp_line (start -2.45 6.75) (end 4.45 6.75) (layer F.CrtYd) (width 0.05))
    (fp_line (start 4.45 6.75) (end 4.45 -1.85) (layer F.CrtYd) (width 0.05))
    (fp_line (start 4.45 -1.85) (end -2.45 -1.85) (layer F.CrtYd) (width 0.05))
    (fp_line (start -1.25 0.25) (end -1.25 -1.35) (layer F.Fab) (width 0.1))
    (fp_line (start -1.25 -1.35) (end -1.95 -1.35) (layer F.Fab) (width 0.1))
    (fp_line (start -1.95 -1.35) (end -1.95 6.25) (layer F.Fab) (width 0.1))
    (fp_line (start -1.95 6.25) (end 3.95 6.25) (layer F.Fab) (width 0.1))
    (fp_line (start 3.95 6.25) (end 3.95 -1.35) (layer F.Fab) (width 0.1))
    (fp_line (start 3.95 -1.35) (end 3.25 -1.35) (layer F.Fab) (width 0.1))
    (fp_line (start 3.25 -1.35) (end 3.25 0.25) (layer F.Fab) (width 0.1))
    (fp_line (start 3.25 0.25) (end -1.25 0.25) (layer F.Fab) (width 0.1))
    (fp_line (start -0.86 0.14) (end -0.86 -1.075) (layer F.SilkS) (width 0.12))
    (fp_line (start 0 0.875) (end -0.5 1.375) (layer F.Fab) (width 0.1))
    (fp_line (start -0.5 1.375) (end 0.5 1.375) (layer F.Fab) (width 0.1))
    (fp_line (start 0.5 1.375) (end 0 0.875) (layer F.Fab) (width 0.1))
    (fp_text user %R (at 1 2.5) (layer F.Fab)
      (effects (font (size 1 1) (thickness 0.15)))
    )
    (pad 1 thru_hole roundrect (at 0 0 180) (size 1.2 1.75) (drill 0.75) (layers *.Cu *.Mask) (roundrect_rratio 0.208333)
      (net 27 +5V))
    (pad 2 thru_hole oval (at 2 0 180) (size 1.2 1.75) (drill 0.75) (layers *.Cu *.Mask)
      (net 28 GND))
    (model ${KISYS3DMOD}/Connector_JST.3dshapes/JST_PH_S2B-PH-K_1x02_P2.00mm_Horizontal.wrl
      (at (xyz 0 0 0))
      (scale (xyz 1 1 1))
      (rotate (xyz 0 0 0))
    )
  )

  (module Connector_JST:JST_PH_S7B-PH-K_1x07_P2.00mm_Horizontal (layer F.Cu) (tedit 5B7745C6) (tstamp 5D5BF1E3)
    (at 86.36 114.3)
    (descr "JST PH series connector, S7B-PH-K (http://www.jst-mfg.com/product/pdf/eng/ePH.pdf), generated with kicad-footprint-generator")
    (tags "connector JST PH top entry")
    (path /5D8228F1)
    (fp_text reference J3 (at 6 -2.55) (layer F.SilkS) hide
      (effects (font (size 1 1) (thickness 0.15)))
    )
    (fp_text value Misc (at 6 -2.54) (layer F.SilkS)
      (effects (font (size 1 1) (thickness 0.15)))
    )
    (fp_line (start -0.86 0.14) (end -1.14 0.14) (layer F.SilkS) (width 0.12))
    (fp_line (start -1.14 0.14) (end -1.14 -1.46) (layer F.SilkS) (width 0.12))
    (fp_line (start -1.14 -1.46) (end -2.06 -1.46) (layer F.SilkS) (width 0.12))
    (fp_line (start -2.06 -1.46) (end -2.06 6.36) (layer F.SilkS) (width 0.12))
    (fp_line (start -2.06 6.36) (end 14.06 6.36) (layer F.SilkS) (width 0.12))
    (fp_line (start 14.06 6.36) (end 14.06 -1.46) (layer F.SilkS) (width 0.12))
    (fp_line (start 14.06 -1.46) (end 13.14 -1.46) (layer F.SilkS) (width 0.12))
    (fp_line (start 13.14 -1.46) (end 13.14 0.14) (layer F.SilkS) (width 0.12))
    (fp_line (start 13.14 0.14) (end 12.86 0.14) (layer F.SilkS) (width 0.12))
    (fp_line (start 0.5 6.36) (end 0.5 2) (layer F.SilkS) (width 0.12))
    (fp_line (start 0.5 2) (end 11.5 2) (layer F.SilkS) (width 0.12))
    (fp_line (start 11.5 2) (end 11.5 6.36) (layer F.SilkS) (width 0.12))
    (fp_line (start -2.06 0.14) (end -1.14 0.14) (layer F.SilkS) (width 0.12))
    (fp_line (start 14.06 0.14) (end 13.14 0.14) (layer F.SilkS) (width 0.12))
    (fp_line (start -1.3 2.5) (end -1.3 4.1) (layer F.SilkS) (width 0.12))
    (fp_line (start -1.3 4.1) (end -0.3 4.1) (layer F.SilkS) (width 0.12))
    (fp_line (start -0.3 4.1) (end -0.3 2.5) (layer F.SilkS) (width 0.12))
    (fp_line (start -0.3 2.5) (end -1.3 2.5) (layer F.SilkS) (width 0.12))
    (fp_line (start 13.3 2.5) (end 13.3 4.1) (layer F.SilkS) (width 0.12))
    (fp_line (start 13.3 4.1) (end 12.3 4.1) (layer F.SilkS) (width 0.12))
    (fp_line (start 12.3 4.1) (end 12.3 2.5) (layer F.SilkS) (width 0.12))
    (fp_line (start 12.3 2.5) (end 13.3 2.5) (layer F.SilkS) (width 0.12))
    (fp_line (start -0.3 4.1) (end -0.3 6.36) (layer F.SilkS) (width 0.12))
    (fp_line (start -0.8 4.1) (end -0.8 6.36) (layer F.SilkS) (width 0.12))
    (fp_line (start -2.45 -1.85) (end -2.45 6.75) (layer F.CrtYd) (width 0.05))
    (fp_line (start -2.45 6.75) (end 14.45 6.75) (layer F.CrtYd) (width 0.05))
    (fp_line (start 14.45 6.75) (end 14.45 -1.85) (layer F.CrtYd) (width 0.05))
    (fp_line (start 14.45 -1.85) (end -2.45 -1.85) (layer F.CrtYd) (width 0.05))
    (fp_line (start -1.25 0.25) (end -1.25 -1.35) (layer F.Fab) (width 0.1))
    (fp_line (start -1.25 -1.35) (end -1.95 -1.35) (layer F.Fab) (width 0.1))
    (fp_line (start -1.95 -1.35) (end -1.95 6.25) (layer F.Fab) (width 0.1))
    (fp_line (start -1.95 6.25) (end 13.95 6.25) (layer F.Fab) (width 0.1))
    (fp_line (start 13.95 6.25) (end 13.95 -1.35) (layer F.Fab) (width 0.1))
    (fp_line (start 13.95 -1.35) (end 13.25 -1.35) (layer F.Fab) (width 0.1))
    (fp_line (start 13.25 -1.35) (end 13.25 0.25) (layer F.Fab) (width 0.1))
    (fp_line (start 13.25 0.25) (end -1.25 0.25) (layer F.Fab) (width 0.1))
